L
50
5
//room 0
(0,9,0,#)
(0,11,0,#)
(0,13,0,#)
(0,17,0,.)
(0,38,0,#)
(0,41,0,7)
(0,42,0,.)
(0,46,0,#)
(1,1,0,.)
(1,4,0,#)
(1,10,0,#)
(1,11,0,#)
(1,17,0,#)
(1,22,0,#)
(1,29,0,#)
(1,31,0,#)
(1,35,0,.)
(1,45,0,1)
(1,46,0,#)
(1,47,0,5)
(1,48,0,2)
(2,2,0,.)
(2,3,0,#)
(2,6,0,#)
(2,8,0,1)
(2,9,0,6)
(2,22,0,#)
(2,23,0,#)
(2,32,0,#)
(2,38,0,#)
(2,39,0,#)
(2,42,0,3)
(2,48,0,#)
(3,1,0,2)
(3,2,0,7)
(3,11,0,#)
(3,14,0,#)
(3,24,0,#)
(3,25,0,#)
(3,29,0,.)
(3,30,0,#)
(3,40,0,#)
(3,44,0,6)
(3,45,0,6)
(4,7,0,#)
(4,10,0,#)
(4,11,0,.)
(4,15,0,#)
(4,16,0,#)
(4,22,0,.)
(4,25,0,#)
(4,41,0,2)
(4,42,0,7)
(4,46,0,#)
(5,6,0,#)
(5,9,0,#)
(5,14,0,3)
(5,17,0,#)
(5,22,0,6)
(5,26,0,#)
(5,32,0,7)
(5,37,0,#)
(5,39,0,#)
(5,43,0,#)
(5,49,0,#)
(6,0,0,#)
(6,1,0,6)
(6,4,0,9)
(6,6,0,2)
(6,15,0,.)
(6,18,0,#)
(6,20,0,5)
(6,27,0,#)
(6,30,0,#)
(6,41,0,#)
(6,49,0,#)
(7,1,0,#)
(7,2,0,3)
(7,12,0,2)
(7,14,0,#)
(7,17,0,3)
(7,21,0,3)
(7,25,0,3)
(7,26,0,#)
(7,31,0,#)
(7,37,0,1)
(7,41,0,#)
(7,42,0,7)
(7,43,0,8)
(7,49,0,#)
(8,5,0,1)
(8,7,0,4)
(8,9,0,5)
(8,14,0,#)
(8,16,0,#)
(8,22,0,#)
(8,23,0,#)
(8,32,0,1)
(8,38,0,5)
(8,41,0,.)
(8,42,0,4)
(9,0,0,#)
(9,11,0,.)
(9,14,0,.)
(9,18,0,.)
(9,23,0,#)
(9,26,0,#)
(9,32,0,8)
(9,35,0,7)
(9,38,0,#)
(9,45,0,4)
(9,47,0,#)
(9,48,0,.)
(10,0,0,#)
(10,5,0,1)
(10,9,0,8)
(10,10,0,1)
(10,11,0,#)
(10,21,0,.)
(10,26,0,#)
(10,29,0,#)
(10,33,0,#)
(10,34,0,.)
(10,36,0,8)
(10,39,0,#)
(10,42,0,#)
(10,44,0,#)
(10,48,0,7)
(11,7,0,#)
(11,8,0,.)
(11,9,0,#)
(11,13,0,8)
(11,14,0,#)
(11,16,0,.)
(11,17,0,.)
(11,24,0,4)
(11,30,0,#)
(11,34,0,4)
(11,35,0,5)
(11,37,0,#)
(11,40,0,#)
(11,45,0,.)
(11,49,0,1)
(12,0,0,#)
(12,4,0,.)
(12,6,0,#)
(12,8,0,7)
(12,11,0,7)
(12,12,0,3)
(12,13,0,2)
(12,15,0,#)
(12,17,0,7)
(12,20,0,#)
(12,21,0,4)
(12,25,0,#)
(12,27,0,4)
(12,31,0,1)
(12,33,0,4)
(12,34,0,7)
(12,40,0,4)
(12,43,0,8)
(12,48,0,#)
(13,0,0,9)
(13,8,0,.)
(13,10,0,#)
(13,12,0,3)
(13,20,0,9)
(13,21,0,2)
(13,42,0,8)
(13,44,0,3)
(13,45,0,3)
(13,46,0,7)
(14,1,0,#)
(14,4,0,#)
(14,15,0,.)
(14,24,0,5)
(14,25,0,.)
(14,26,0,9)
(14,28,0,#)
(14,48,0,#)
(15,2,0,#)
(15,4,0,#)
(15,7,0,4)
(15,9,0,#)
(15,15,0,#)
(15,24,0,.)
(15,25,0,5)
(15,28,0,#)
(15,29,0,#)
(15,31,0,#)
(15,32,0,8)
(15,43,0,.)
(15,44,0,#)
(16,3,0,.)
(16,4,0,.)
(16,15,0,1)
(16,23,0,4)
(16,24,0,#)
(16,29,0,5)
(16,31,0,4)
(16,36,0,#)
(16,38,0,#)
(16,44,0,#)
(16,45,0,2)
(17,0,0,#)
(17,1,0,#)
(17,19,0,6)
(17,24,0,8)
(17,27,0,#)
(17,28,0,.)
(17,33,0,#)
(17,35,0,9)
(17,36,0,#)
(17,44,0,#)
(18,1,0,#)
(18,2,0,#)
(18,9,0,4)
(18,12,0,#)
(18,14,0,.)
(18,15,0,#)
(18,16,0,6)
(18,18,0,1)
(18,30,0,1)
(18,32,0,1)
(18,39,0,#)
(18,44,0,.)
(18,47,0,4)
(18,48,0,#)
(19,2,0,#)
(19,3,0,7)
(19,6,0,.)
(19,7,0,3)
(19,14,0,#)
(19,26,0,#)
(19,29,0,#)
(19,33,0,1)
(19,35,0,#)
(19,36,0,#)
(19,48,0,#)
(19,49,0,6)
(20,5,0,#)
(20,6,0,.)
(20,9,0,#)
(20,11,0,7)
(20,12,0,#)
(20,24,0,#)
(20,25,0,#)
(20,30,0,7)
(20,32,0,9)
(20,43,0,8)
(20,47,0,8)
(20,49,0,#)
(21,4,0,#)
(21,10,0,#)
(21,16,0,5)
(21,18,0,8)
(21,19,0,#)
(21,29,0,9)
(21,36,0,4)
(21,38,0,#)
(21,40,0,#)
(21,42,0,#)
(21,48,0,#)
(21,49,0,#)
(22,1,0,7)
(22,2,0,9)
(22,11,0,9)
(22,14,0,#)
(22,17,0,#)
(22,25,0,#)
(22,26,0,.)
(22,34,0,#)
(22,40,0,#)
(22,41,0,6)
(22,45,0,5)
(23,0,0,.)
(23,5,0,.)
(23,9,0,#)
(23,20,0,#)
(23,26,0,#)
(23,38,0,.)
(23,41,0,1)
(24,0,0,#)
(24,8,0,2)
(24,13,0,#)
(24,19,0,4)
(24,22,0,5)
(24,25,0,2)
(24,28,0,2)
(24,30,0,#)
(24,31,0,2)
(24,36,0,2)
(24,42,0,4)
(24,44,0,#)
(24,48,0,#)
(24,49,0,#)
(25,14,0,8)
(25,23,0,#)
(25,24,0,#)
(25,28,0,2)
(25,33,0,5)
(25,37,0,7)
(25,38,0,#)
(25,39,0,1)
(25,46,0,2)
(26,1,0,#)
(26,5,0,3)
(26,10,0,#)
(26,14,0,#)
(26,15,0,#)
(26,20,0,5)
(26,22,0,#)
(26,23,0,#)
(26,30,0,5)
(26,31,0,6)
(27,1,0,#)
(27,5,0,#)
(27,9,0,#)
(27,11,0,#)
(27,15,0,.)
(27,18,0,.)
(27,20,0,#)
(27,22,0,9)
(27,27,0,2)
(27,30,0,7)
(27,31,0,#)
(27,33,0,8)
(27,40,0,#)
(27,42,0,#)
(27,45,0,.)
(27,49,0,#)
(28,1,0,#)
(28,3,0,4)
(28,4,0,#)
(28,7,0,1)
(28,11,0,#)
(28,18,0,#)
(28,19,0,1)
(28,26,0,#)
(28,33,0,#)
(28,36,0,#)
(28,42,0,#)
(28,44,0,#)
(28,46,0,.)
(29,4,0,7)
(29,10,0,#)
(29,18,0,#)
(29,19,0,#)
(29,23,0,2)
(29,29,0,#)
(29,31,0,.)
(29,32,0,4)
(29,34,0,2)
(29,35,0,#)
(29,39,0,6)
(29,47,0,#)
(29,49,0,#)
(30,0,0,#)
(30,2,0,#)
(30,12,0,7)
(30,20,0,7)
(30,23,0,2)
(30,25,0,.)
(30,27,0,8)
(30,33,0,8)
(30,38,0,3)
(30,44,0,#)
(30,45,0,#)
(31,0,0,#)
(31,2,0,5)
(31,7,0,1)
(31,11,0,1)
(31,15,0,#)
(31,16,0,#)
(31,18,0,#)
(31,24,0,#)
(31,35,0,7)
(31,38,0,#)
(31,49,0,#)
(32,5,0,#)
(32,8,0,#)
(32,9,0,3)
(32,10,0,8)
(32,12,0,8)
(32,15,0,.)
(32,16,0,#)
(32,19,0,#)
(32,22,0,#)
(32,25,0,#)
(32,36,0,#)
(32,37,0,3)
(32,45,0,2)
(32,47,0,#)
(32,48,0,6)
(33,17,0,7)
(33,19,0,5)
(33,20,0,3)
(33,30,0,.)
(33,31,0,1)
(33,34,0,3)
(33,36,0,#)
(33,43,0,8)
(34,5,0,5)
(34,16,0,#)
(34,18,0,#)
(34,23,0,#)
(34,24,0,#)
(34,25,0,#)
(34,31,0,9)
(34,32,0,#)
(34,35,0,2)
(34,38,0,1)
(34,40,0,6)
(34,47,0,#)
(34,48,0,#)
(35,4,0,#)
(35,5,0,.)
(35,12,0,#)
(35,14,0,9)
(35,17,0,#)
(35,20,0,8)
(35,24,0,6)
(35,25,0,6)
(35,27,0,5)
(35,42,0,#)
(36,3,0,1)
(36,7,0,#)
(36,12,0,8)
(36,16,0,#)
(36,18,0,#)
(36,26,0,.)
(36,33,0,#)
(36,35,0,.)
(36,37,0,#)
(36,42,0,#)
(36,43,0,#)
(36,46,0,7)
(36,47,0,3)
(36,49,0,#)
(37,1,0,5)
(37,2,0,.)
(37,9,0,1)
(37,15,0,.)
(37,24,0,#)
(37,26,0,7)
(37,32,0,#)
(37,34,0,#)
(37,37,0,#)
(37,38,0,8)
(38,6,0,#)
(38,10,0,2)
(38,12,0,.)
(38,13,0,3)
(38,18,0,.)
(38,21,0,.)
(38,22,0,#)
(38,26,0,6)
(38,29,0,.)
(38,36,0,.)
(38,38,0,7)
(38,39,0,#)
(38,43,0,8)
(39,5,0,#)
(39,8,0,#)
(39,11,0,#)
(39,12,0,#)
(39,13,0,9)
(39,21,0,#)
(39,25,0,4)
(39,31,0,8)
(39,33,0,.)
(39,37,0,#)
(39,41,0,#)
(39,46,0,1)
(40,0,0,7)
(40,1,0,#)
(40,5,0,#)
(40,16,0,#)
(40,20,0,2)
(40,24,0,#)
(40,28,0,.)
(40,29,0,#)
(40,30,0,#)
(40,31,0,#)
(40,32,0,5)
(40,34,0,6)
(40,46,0,#)
(40,48,0,#)
(41,4,0,#)
(41,10,0,5)
(41,22,0,7)
(41,23,0,9)
(41,26,0,#)
(41,34,0,#)
(41,36,0,5)
(41,40,0,1)
(41,41,0,7)
(41,43,0,2)
(41,47,0,#)
(41,49,0,#)
(42,0,0,8)
(42,3,0,6)
(42,4,0,3)
(42,7,0,#)
(42,12,0,3)
(42,15,0,9)
(42,22,0,#)
(42,31,0,.)
(42,36,0,.)
(42,37,0,.)
(42,41,0,#)
(42,47,0,.)
(42,48,0,#)
(43,5,0,#)
(43,7,0,8)
(43,14,0,#)
(43,17,0,#)
(43,30,0,9)
(43,45,0,#)
(44,5,0,#)
(44,6,0,9)
(44,13,0,#)
(44,14,0,4)
(44,22,0,6)
(44,24,0,#)
(44,29,0,7)
(44,33,0,#)
(44,34,0,#)
(44,35,0,#)
(44,43,0,#)
(44,45,0,#)
(44,48,0,#)
(45,1,0,#)
(45,4,0,#)
(45,9,0,4)
(45,18,0,#)
(45,23,0,4)
(45,30,0,#)
(45,31,0,#)
(45,32,0,5)
(45,38,0,#)
(45,39,0,.)
(45,43,0,8)
(46,0,0,#)
(46,2,0,#)
(46,4,0,4)
(46,8,0,#)
(46,11,0,#)
(46,12,0,5)
(46,13,0,#)
(46,15,0,#)
(46,20,0,5)
(46,28,0,7)
(46,39,0,.)
(46,42,0,.)
(46,45,0,#)
(46,48,0,.)
(47,0,0,#)
(47,2,0,#)
(47,5,0,#)
(47,6,0,4)
(47,7,0,3)
(47,8,0,2)
(47,9,0,#)
(47,10,0,.)
(47,16,0,2)
(47,19,0,8)
(47,26,0,#)
(47,36,0,#)
(47,37,0,5)
(47,40,0,#)
(48,7,0,#)
(48,8,0,#)
(48,12,0,.)
(48,14,0,#)
(48,17,0,6)
(48,19,0,#)
(48,22,0,9)
(48,23,0,#)
(48,26,0,9)
(48,27,0,4)
(48,30,0,.)
(48,31,0,#)
(48,32,0,6)
(48,37,0,6)
(48,48,0,#)
(49,4,0,9)
(49,6,0,#)
(49,14,0,7)
(49,20,0,.)
(49,26,0,.)
(49,32,0,#)
(49,33,0,.)
(49,35,0,#)
(49,38,0,7)
(49,42,0,#)
(49,44,0,3)
//room 1
(0,4,1,1)
(0,8,1,6)
(0,9,1,#)
(0,13,1,#)
(0,15,1,1)
(0,20,1,5)
(0,26,1,.)
(0,28,1,.)
(0,31,1,.)
(0,33,1,.)
(0,34,1,8)
(0,35,1,#)
(0,36,1,.)
(0,44,1,#)
(0,48,1,4)
(1,4,1,#)
(1,26,1,#)
(1,41,1,#)
(1,43,1,#)
(1,45,1,4)
(1,49,1,#)
(2,10,1,7)
(2,13,1,#)
(2,17,1,2)
(2,21,1,4)
(2,23,1,9)
(2,30,1,#)
(2,34,1,5)
(2,38,1,.)
(2,49,1,#)
(3,1,1,9)
(3,12,1,.)
(3,20,1,5)
(3,26,1,4)
(3,29,1,7)
(3,30,1,#)
(3,35,1,7)
(3,36,1,#)
(3,45,1,#)
(3,48,1,#)
(4,5,1,6)
(4,8,1,#)
(4,9,1,4)
(4,24,1,.)
(4,27,1,3)
(4,29,1,.)
(4,31,1,#)
(4,33,1,.)
(4,42,1,#)
(4,46,1,#)
(5,4,1,#)
(5,6,1,#)
(5,10,1,6)
(5,11,1,.)
(5,13,1,2)
(5,15,1,.)
(5,21,1,.)
(5,25,1,#)
(5,26,1,8)
(5,35,1,8)
(5,42,1,1)
(5,44,1,#)
(5,47,1,#)
(5,48,1,#)
(6,0,1,#)
(6,9,1,#)
(6,16,1,1)
(6,23,1,8)
(6,33,1,#)
(6,34,1,#)
(6,43,1,#)
(6,45,1,#)
(6,46,1,#)
(7,2,1,8)
(7,3,1,#)
(7,4,1,#)
(7,6,1,.)
(7,8,1,1)
(7,10,1,1)
(7,11,1,#)
(7,12,1,9)
(7,27,1,#)
(7,28,1,2)
(7,31,1,5)
(7,37,1,#)
(7,43,1,1)
(7,44,1,#)
(8,13,1,#)
(8,21,1,#)
(8,33,1,1)
(8,44,1,#)
(8,45,1,1)
(9,1,1,6)
(9,5,1,6)
(9,6,1,5)
(9,14,1,#)
(9,15,1,9)
(9,18,1,1)
(9,20,1,#)
(9,29,1,8)
(9,31,1,9)
(9,35,1,.)
(9,36,1,#)
(9,37,1,3)
(9,39,1,.)
(9,42,1,6)
(9,45,1,#)
(9,46,1,1)
(10,3,1,#)
(10,8,1,.)
(10,11,1,6)
(10,15,1,#)
(10,18,1,#)
(10,23,1,4)
(10,27,1,.)
(10,29,1,6)
(10,31,1,8)
(10,32,1,#)
(10,39,1,1)
(10,40,1,5)
(10,48,1,1)
(11,1,1,#)
(11,2,1,#)
(11,4,1,8)
(11,5,1,2)
(11,11,1,#)
(11,13,1,8)
(11,15,1,#)
(11,16,1,#)
(11,24,1,#)
(11,27,1,7)
(11,34,1,#)
(11,35,1,7)
(11,37,1,4)
(12,3,1,.)
(12,13,1,8)
(12,14,1,4)
(12,15,1,5)
(12,31,1,#)
(12,35,1,8)
(12,39,1,.)
(12,40,1,9)
(12,43,1,#)
(12,48,1,#)
(13,1,1,#)
(13,3,1,#)
(13,6,1,8)
(13,9,1,9)
(13,13,1,#)
(13,14,1,9)
(13,17,1,#)
(13,18,1,2)
(13,19,1,#)
(13,20,1,#)
(13,24,1,3)
(13,26,1,3)
(13,27,1,9)
(13,37,1,2)
(13,38,1,8)
(13,42,1,.)
(13,44,1,.)
(14,2,1,5)
(14,4,1,9)
(14,7,1,#)
(14,17,1,#)
(14,19,1,1)
(14,20,1,8)
(14,24,1,#)
(14,27,1,2)
(14,30,1,8)
(14,39,1,8)
(15,0,1,.)
(15,1,1,#)
(15,3,1,#)
(15,8,1,8)
(15,10,1,#)
(15,11,1,1)
(15,19,1,2)
(15,21,1,#)
(15,25,1,#)
(15,27,1,#)
(15,41,1,#)
(15,42,1,2)
(15,45,1,7)
(15,48,1,.)
(16,3,1,7)
(16,4,1,5)
(16,7,1,.)
(16,8,1,#)
(16,13,1,5)
(16,25,1,9)
(16,31,1,1)
(16,36,1,#)
(16,37,1,8)
(16,43,1,#)
(16,48,1,5)
(17,2,1,5)
(17,3,1,#)
(17,5,1,4)
(17,6,1,4)
(17,7,1,6)
(17,8,1,9)
(17,11,1,3)
(17,18,1,7)
(17,21,1,#)
(17,24,1,.)
(17,27,1,#)
(17,29,1,8)
(17,32,1,.)
(17,36,1,#)
(17,39,1,7)
(18,0,1,8)
(18,2,1,#)
(18,4,1,#)
(18,8,1,#)
(18,13,1,#)
(18,14,1,6)
(18,18,1,5)
(18,19,1,.)
(18,24,1,#)
(18,28,1,#)
(18,35,1,#)
(18,47,1,#)
(19,0,1,#)
(19,2,1,#)
(19,3,1,#)
(19,18,1,#)
(19,21,1,7)
(19,23,1,#)
(19,27,1,6)
(19,29,1,#)
(19,45,1,#)
(20,7,1,9)
(20,16,1,6)
(20,18,1,3)
(20,24,1,9)
(20,25,1,6)
(20,26,1,#)
(20,33,1,#)
(20,37,1,5)
(20,41,1,.)
(20,48,1,#)
(21,3,1,#)
(21,9,1,5)
(21,14,1,7)
(21,16,1,5)
(21,22,1,7)
(21,23,1,7)
(21,34,1,.)
(21,35,1,#)
(21,36,1,.)
(21,37,1,#)
(21,38,1,8)
(21,39,1,#)
(21,42,1,2)
(21,43,1,#)
(22,4,1,.)
(22,7,1,5)
(22,9,1,9)
(22,11,1,#)
(22,12,1,#)
(22,29,1,#)
(22,32,1,#)
(22,35,1,3)
(22,36,1,#)
(22,43,1,9)
(22,44,1,.)
(22,49,1,4)
(23,4,1,4)
(23,10,1,#)
(23,14,1,6)
(23,16,1,.)
(23,32,1,#)
(23,39,1,9)
(23,41,1,7)
(23,48,1,#)
(24,7,1,1)
(24,8,1,#)
(24,10,1,.)
(24,12,1,#)
(24,17,1,#)
(24,18,1,#)
(24,19,1,#)
(24,22,1,#)
(24,26,1,3)
(24,42,1,9)
(24,44,1,4)
(25,0,1,#)
(25,1,1,.)
(25,4,1,4)
(25,7,1,3)
(25,8,1,3)
(25,14,1,#)
(25,20,1,#)
(25,27,1,2)
(25,28,1,5)
(25,29,1,.)
(25,32,1,3)
(25,35,1,#)
(25,37,1,#)
(25,38,1,9)
(25,41,1,6)
(25,42,1,#)
(25,43,1,4)
(26,10,1,4)
(26,15,1,#)
(26,16,1,9)
(26,28,1,#)
(26,31,1,5)
(26,34,1,.)
(26,43,1,8)
(26,44,1,.)
(26,45,1,6)
(27,1,1,.)
(27,2,1,4)
(27,10,1,9)
(27,12,1,#)
(27,14,1,#)
(27,15,1,#)
(27,16,1,#)
(27,21,1,#)
(27,26,1,.)
(27,35,1,8)
(27,36,1,6)
(27,39,1,5)
(27,46,1,#)
(28,9,1,3)
(28,11,1,2)
(28,12,1,#)
(28,15,1,#)
(28,26,1,2)
(28,27,1,#)
(28,29,1,#)
(28,34,1,1)
(28,36,1,5)
(28,38,1,3)
(28,40,1,.)
(28,44,1,6)
(28,49,1,2)
(29,1,1,#)
(29,14,1,8)
(29,27,1,9)
(29,30,1,#)
(29,35,1,#)
(29,37,1,#)
(29,45,1,#)
(29,46,1,3)
(30,3,1,#)
(30,6,1,6)
(30,8,1,4)
(30,11,1,#)
(30,26,1,#)
(30,41,1,6)
(30,46,1,.)
(30,49,1,#)
(31,4,1,4)
(31,7,1,#)
(31,11,1,.)
(31,19,1,5)
(31,27,1,#)
(31,30,1,5)
(31,31,1,#)
(31,35,1,#)
(32,3,1,.)
(32,7,1,8)
(32,8,1,#)
(32,13,1,#)
(32,14,1,4)
(32,16,1,#)
(32,17,1,9)
(32,23,1,#)
(32,27,1,2)
(32,39,1,#)
(32,40,1,1)
(32,41,1,2)
(32,46,1,2)
(32,47,1,#)
(33,5,1,#)
(33,7,1,#)
(33,13,1,6)
(33,15,1,9)
(33,24,1,3)
(33,26,1,#)
(33,37,1,4)
(33,40,1,#)
(33,42,1,9)
(33,44,1,3)
(34,3,1,1)
(34,4,1,.)
(34,8,1,#)
(34,9,1,#)
(34,11,1,6)
(34,12,1,#)
(34,13,1,1)
(34,16,1,.)
(34,22,1,2)
(34,24,1,#)
(34,25,1,8)
(34,31,1,#)
(34,33,1,5)
(34,43,1,1)
(34,44,1,#)
(35,1,1,2)
(35,5,1,#)
(35,8,1,#)
(35,9,1,.)
(35,13,1,5)
(35,17,1,9)
(35,19,1,#)
(35,22,1,#)
(35,27,1,8)
(35,29,1,#)
(35,31,1,5)
(35,36,1,#)
(35,39,1,4)
(35,43,1,2)
(35,46,1,3)
(36,0,1,#)
(36,4,1,#)
(36,6,1,#)
(36,8,1,#)
(36,9,1,#)
(36,19,1,#)
(36,24,1,8)
(36,28,1,#)
(36,30,1,8)
(36,33,1,#)
(36,39,1,7)
(36,42,1,#)
(36,44,1,7)
(37,4,1,6)
(37,6,1,#)
(37,8,1,6)
(37,10,1,#)
(37,11,1,#)
(37,14,1,#)
(37,15,1,9)
(37,25,1,1)
(37,28,1,5)
(37,29,1,5)
(37,33,1,#)
(37,35,1,#)
(37,36,1,8)
(37,44,1,#)
(37,45,1,#)
(37,48,1,2)
(37,49,1,#)
(38,1,1,7)
(38,8,1,6)
(38,10,1,.)
(38,18,1,8)
(38,20,1,2)
(38,21,1,4)
(38,32,1,9)
(38,37,1,1)
(38,43,1,#)
(39,3,1,#)
(39,6,1,8)
(39,8,1,4)
(39,9,1,#)
(39,10,1,.)
(39,21,1,#)
(39,26,1,#)
(39,30,1,.)
(39,32,1,#)
(39,34,1,#)
(39,35,1,4)
(39,38,1,#)
(39,39,1,.)
(39,44,1,#)
(40,0,1,#)
(40,1,1,#)
(40,2,1,#)
(40,3,1,6)
(40,4,1,6)
(40,6,1,5)
(40,7,1,8)
(40,11,1,#)
(40,15,1,#)
(40,24,1,7)
(40,26,1,#)
(40,27,1,5)
(40,30,1,#)
(40,32,1,.)
(40,34,1,.)
(40,37,1,#)
(40,41,1,.)
(40,45,1,.)
(41,1,1,5)
(41,3,1,8)
(41,4,1,5)
(41,11,1,6)
(41,26,1,#)
(41,27,1,#)
(41,36,1,.)
(41,38,1,1)
(41,47,1,#)
(41,48,1,#)
(42,1,1,1)
(42,2,1,#)
(42,5,1,#)
(42,10,1,6)
(42,17,1,5)
(42,21,1,#)
(42,28,1,5)
(42,34,1,#)
(42,35,1,#)
(42,36,1,1)
(42,43,1,#)
(43,2,1,#)
(43,4,1,6)
(43,6,1,#)
(43,8,1,#)
(43,11,1,#)
(43,12,1,4)
(43,16,1,9)
(43,21,1,3)
(43,23,1,8)
(43,24,1,5)
(43,26,1,4)
(43,27,1,#)
(43,28,1,#)
(43,33,1,#)
(43,38,1,#)
(43,39,1,#)
(43,42,1,#)
(43,45,1,4)
(44,8,1,.)
(44,19,1,.)
(44,31,1,#)
(44,38,1,#)
(44,43,1,4)
(44,46,1,#)
(45,5,1,7)
(45,12,1,8)
(45,13,1,.)
(45,18,1,5)
(45,26,1,9)
(45,27,1,#)
(45,28,1,7)
(45,30,1,5)
(45,34,1,1)
(45,35,1,#)
(45,38,1,3)
(45,39,1,#)
(45,43,1,#)
(45,44,1,9)
(46,0,1,#)
(46,1,1,2)
(46,9,1,#)
(46,13,1,#)
(46,18,1,#)
(46,20,1,8)
(46,21,1,9)
(46,23,1,#)
(46,26,1,#)
(46,34,1,#)
(46,35,1,#)
(46,37,1,2)
(46,43,1,.)
(47,3,1,.)
(47,6,1,.)
(47,8,1,.)
(47,9,1,#)
(47,10,1,#)
(47,11,1,4)
(47,16,1,#)
(47,17,1,#)
(47,19,1,1)
(47,20,1,8)
(47,21,1,4)
(47,27,1,#)
(47,36,1,8)
(47,38,1,6)
(47,42,1,#)
(47,49,1,#)
(48,5,1,#)
(48,6,1,.)
(48,14,1,#)
(48,16,1,3)
(48,37,1,7)
(48,41,1,1)
(48,42,1,6)
(48,46,1,#)
(49,1,1,#)
(49,3,1,.)
(49,7,1,2)
(49,17,1,.)
(49,29,1,#)
(49,31,1,7)
(49,32,1,.)
(49,42,1,3)
(49,45,1,7)
(49,48,1,#)
(49,49,1,5)
//room 2
(0,4,2,.)
(0,8,2,#)
(0,9,2,2)
(0,14,2,.)
(0,22,2,.)
(0,26,2,#)
(0,29,2,.)
(0,30,2,3)
(0,33,2,#)
(0,34,2,6)
(0,37,2,#)
(0,39,2,3)
(0,40,2,.)
(1,5,2,#)
(1,7,2,3)
(1,9,2,#)
(1,13,2,2)
(1,15,2,#)
(1,18,2,6)
(1,26,2,#)
(1,29,2,.)
(1,30,2,2)
(1,34,2,3)
(1,35,2,9)
(1,42,2,9)
(2,4,2,#)
(2,5,2,.)
(2,17,2,9)
(2,22,2,2)
(2,23,2,#)
(2,25,2,#)
(2,32,2,#)
(2,33,2,9)
(2,35,2,#)
(2,37,2,#)
(2,40,2,5)
(2,41,2,#)
(2,42,2,#)
(3,0,2,#)
(3,1,2,6)
(3,2,2,7)
(3,4,2,2)
(3,5,2,#)
(3,8,2,3)
(3,10,2,.)
(3,15,2,7)
(3,16,2,#)
(3,24,2,.)
(3,28,2,#)
(3,35,2,#)
(3,36,2,2)
(3,48,2,7)
(4,1,2,#)
(4,2,2,2)
(4,4,2,8)
(4,16,2,#)
(4,20,2,2)
(4,21,2,#)
(4,26,2,9)
(4,27,2,4)
(4,29,2,#)
(4,34,2,5)
(4,47,2,2)
(4,48,2,#)
(5,9,2,#)
(5,13,2,#)
(5,27,2,1)
(5,29,2,5)
(5,30,2,1)
(5,32,2,#)
(5,34,2,#)
(5,38,2,#)
(5,48,2,2)
(6,7,2,#)
(6,9,2,.)
(6,14,2,#)
(6,16,2,8)
(6,22,2,#)
(6,27,2,4)
(6,29,2,#)
(6,30,2,#)
(6,33,2,#)
(6,35,2,#)
(6,39,2,#)
(6,45,2,8)
(6,46,2,#)
(7,0,2,#)
(7,9,2,9)
(7,26,2,1)
(7,39,2,#)
(7,40,2,#)
(7,41,2,#)
(8,4,2,#)
(8,10,2,#)
(8,11,2,#)
(8,13,2,1)
(8,16,2,5)
(8,17,2,3)
(8,18,2,1)
(8,20,2,#)
(8,30,2,#)
(8,31,2,#)
(8,36,2,#)
(8,41,2,#)
(8,45,2,#)
(8,48,2,#)
(8,49,2,6)
(9,2,2,4)
(9,4,2,.)
(9,8,2,6)
(9,16,2,2)
(9,19,2,.)
(9,21,2,9)
(9,22,2,8)
(9,25,2,7)
(9,27,2,.)
(9,28,2,.)
(9,30,2,4)
(9,32,2,#)
(9,37,2,3)
(9,45,2,1)
(9,48,2,8)
(9,49,2,#)
(10,0,2,6)
(10,10,2,7)
(10,12,2,.)
(10,15,2,1)
(10,16,2,3)
(10,17,2,8)
(10,18,2,8)
(10,22,2,.)
(10,31,2,#)
(10,37,2,8)
(10,44,2,.)
(10,45,2,6)
(10,48,2,7)
(11,2,2,.)
(11,7,2,#)
(11,10,2,.)
(11,12,2,#)
(11,14,2,#)
(11,16,2,#)
(11,17,2,3)
(11,18,2,1)
(11,20,2,8)
(11,21,2,#)
(11,37,2,#)
(11,41,2,#)
(12,4,2,3)
(12,7,2,9)
(12,11,2,#)
(12,13,2,#)
(12,15,2,2)
(12,16,2,.)
(12,17,2,#)
(12,22,2,#)
(12,26,2,.)
(12,41,2,#)
(12,44,2,#)
(12,45,2,#)
(12,46,2,8)
(13,1,2,#)
(13,4,2,9)
(13,7,2,.)
(13,11,2,5)
(13,16,2,.)
(13,20,2,#)
(13,21,2,#)
(13,35,2,8)
(13,37,2,1)
(13,43,2,3)
(13,45,2,#)
(13,47,2,7)
(13,49,2,#)
(14,5,2,5)
(14,10,2,3)
(14,13,2,9)
(14,14,2,#)
(14,17,2,2)
(14,19,2,#)
(14,25,2,#)
(14,26,2,8)
(14,27,2,#)
(14,32,2,#)
(14,33,2,#)
(14,36,2,#)
(14,38,2,4)
(15,4,2,#)
(15,5,2,6)
(15,6,2,.)
(15,7,2,#)
(15,13,2,4)
(15,22,2,#)
(15,25,2,#)
(15,26,2,.)
(15,27,2,9)
(15,38,2,#)
(15,46,2,5)
(15,49,2,.)
(16,5,2,.)
(16,7,2,#)
(16,15,2,.)
(16,17,2,#)
(16,20,2,7)
(16,23,2,#)
(16,27,2,#)
(16,28,2,#)
(16,31,2,#)
(16,43,2,#)
(16,48,2,#)
(16,49,2,#)
(17,2,2,8)
(17,4,2,#)
(17,13,2,3)
(17,20,2,6)
(17,22,2,6)
(17,25,2,7)
(17,27,2,#)
(17,34,2,.)
(17,36,2,#)
(17,38,2,#)
(17,41,2,9)
(17,42,2,#)
(17,44,2,#)
(17,46,2,8)
(17,47,2,#)
(17,49,2,#)
(18,1,2,#)
(18,3,2,8)
(18,9,2,5)
(18,13,2,#)
(18,17,2,1)
(18,26,2,6)
(18,27,2,#)
(18,29,2,8)
(18,41,2,.)
(18,45,2,#)
(18,48,2,5)
(19,11,2,.)
(19,17,2,#)
(19,21,2,#)
(19,23,2,7)
(19,25,2,3)
(19,41,2,#)
(19,44,2,#)
(19,45,2,#)
(20,0,2,#)
(20,4,2,4)
(20,5,2,#)
(20,8,2,.)
(20,10,2,3)
(20,15,2,4)
(20,16,2,#)
(20,19,2,4)
(20,20,2,#)
(20,23,2,#)
(20,32,2,7)
(20,48,2,#)
(21,3,2,6)
(21,6,2,7)
(21,17,2,6)
(21,18,2,#)
(21,25,2,9)
(21,33,2,8)
(21,35,2,8)
(21,41,2,3)
(21,47,2,#)
(21,48,2,1)
(21,49,2,#)
(22,2,2,#)
(22,5,2,9)
(22,6,2,6)
(22,16,2,4)
(22,17,2,#)
(22,18,2,#)
(22,19,2,#)
(22,35,2,.)
(22,37,2,#)
(22,38,2,4)
(22,46,2,#)
(23,8,2,#)
(23,10,2,3)
(23,12,2,8)
(23,13,2,8)
(23,18,2,8)
(23,21,2,5)
(23,30,2,.)
(23,32,2,3)
(23,45,2,4)
(23,48,2,#)
(24,9,2,6)
(24,18,2,3)
(24,19,2,.)
(24,23,2,#)
(24,28,2,6)
(24,42,2,7)
(24,43,2,2)
(24,44,2,1)
(24,47,2,#)
(25,0,2,5)
(25,9,2,#)
(25,19,2,#)
(25,28,2,#)
(25,31,2,#)
(25,38,2,7)
(25,40,2,#)
(26,1,2,8)
(26,4,2,#)
(26,5,2,4)
(26,18,2,#)
(26,24,2,#)
(26,26,2,#)
(26,31,2,#)
(26,34,2,2)
(26,38,2,3)
(26,42,2,#)
(26,43,2,6)
(26,46,2,2)
(26,48,2,#)
(27,4,2,#)
(27,9,2,#)
(27,10,2,#)
(27,11,2,8)
(27,17,2,6)
(27,27,2,.)
(27,30,2,#)
(27,35,2,#)
(27,38,2,#)
(27,42,2,2)
(27,49,2,#)
(28,3,2,#)
(28,5,2,7)
(28,6,2,6)
(28,11,2,7)
(28,17,2,#)
(28,37,2,#)
(28,44,2,3)
(28,45,2,#)
(29,3,2,#)
(29,6,2,6)
(29,8,2,.)
(29,34,2,2)
(29,35,2,4)
(29,37,2,.)
(29,38,2,#)
(29,42,2,#)
(29,44,2,7)
(29,47,2,#)
(29,49,2,#)
(30,1,2,#)
(30,8,2,8)
(30,9,2,#)
(30,12,2,#)
(30,20,2,6)
(30,24,2,.)
(30,26,2,#)
(30,31,2,#)
(30,32,2,#)
(30,34,2,#)
(30,36,2,#)
(30,42,2,.)
(30,45,2,3)
(30,48,2,3)
(30,49,2,#)
(31,6,2,5)
(31,10,2,6)
(31,11,2,2)
(31,16,2,7)
(31,22,2,#)
(31,27,2,.)
(31,29,2,#)
(31,32,2,#)
(31,33,2,.)
(31,40,2,7)
(31,48,2,6)
(32,0,2,8)
(32,4,2,#)
(32,5,2,6)
(32,7,2,#)
(32,9,2,8)
(32,13,2,#)
(32,15,2,9)
(32,16,2,#)
(32,19,2,4)
(32,23,2,.)
(32,27,2,#)
(32,28,2,#)
(32,30,2,#)
(32,32,2,#)
(32,38,2,#)
(32,41,2,.)
(32,46,2,6)
(32,47,2,#)
(33,0,2,6)
(33,12,2,2)
(33,13,2,#)
(33,19,2,8)
(33,21,2,6)
(33,25,2,#)
(33,32,2,4)
(33,35,2,2)
(33,38,2,8)
(33,43,2,#)
(33,49,2,#)
(34,0,2,#)
(34,3,2,4)
(34,5,2,9)
(34,6,2,#)
(34,9,2,.)
(34,11,2,#)
(34,12,2,6)
(34,15,2,.)
(34,19,2,8)
(34,21,2,7)
(34,26,2,2)
(34,32,2,2)
(34,33,2,#)
(34,35,2,#)
(34,38,2,.)
(34,39,2,9)
(34,40,2,2)
(34,43,2,#)
(34,44,2,.)
(34,46,2,9)
(35,0,2,#)
(35,3,2,#)
(35,4,2,#)
(35,10,2,#)
(35,13,2,#)
(35,15,2,#)
(35,18,2,#)
(35,29,2,#)
(35,30,2,1)
(35,31,2,.)
(35,35,2,9)
(35,39,2,2)
(35,44,2,7)
(35,47,2,7)
(36,1,2,#)
(36,4,2,#)
(36,6,2,#)
(36,7,2,4)
(36,11,2,1)
(36,12,2,2)
(36,13,2,#)
(36,15,2,.)
(36,18,2,.)
(36,19,2,8)
(36,28,2,9)
(36,31,2,9)
(36,37,2,#)
(36,49,2,3)
(37,3,2,#)
(37,4,2,5)
(37,6,2,3)
(37,8,2,#)
(37,16,2,5)
(37,19,2,#)
(37,41,2,5)
(37,42,2,1)
(37,43,2,7)
(37,44,2,7)
(37,48,2,#)
(38,5,2,#)
(38,11,2,#)
(38,13,2,4)
(38,21,2,#)
(38,22,2,1)
(38,24,2,5)
(38,28,2,#)
(38,34,2,2)
(38,35,2,6)
(38,39,2,9)
(38,41,2,6)
(38,45,2,2)
(39,1,2,#)
(39,10,2,8)
(39,11,2,4)
(39,25,2,9)
(39,27,2,#)
(39,30,2,9)
(39,32,2,#)
(39,34,2,.)
(39,39,2,4)
(39,46,2,#)
(40,5,2,4)
(40,13,2,2)
(40,15,2,#)
(40,17,2,#)
(40,18,2,.)
(40,21,2,#)
(40,22,2,7)
(40,23,2,#)
(40,37,2,5)
(40,40,2,#)
(40,48,2,6)
(41,0,2,#)
(41,4,2,3)
(41,6,2,8)
(41,11,2,7)
(41,15,2,4)
(41,16,2,.)
(41,17,2,#)
(41,21,2,4)
(41,22,2,9)
(41,24,2,.)
(41,25,2,8)
(41,27,2,4)
(41,35,2,#)
(41,36,2,#)
(41,39,2,9)
(41,41,2,1)
(41,42,2,.)
(41,49,2,7)
(42,2,2,#)
(42,4,2,#)
(42,8,2,#)
(42,9,2,9)
(42,15,2,6)
(42,17,2,7)
(42,20,2,1)
(42,26,2,6)
(42,41,2,2)
(42,43,2,#)
(42,45,2,#)
(43,3,2,3)
(43,4,2,4)
(43,9,2,#)
(43,14,2,#)
(43,18,2,#)
(43,25,2,.)
(43,28,2,#)
(43,32,2,#)
(43,33,2,5)
(43,36,2,8)
(43,41,2,.)
(43,42,2,#)
(44,7,2,4)
(44,8,2,#)
(44,9,2,3)
(44,12,2,#)
(44,16,2,#)
(44,19,2,4)
(44,21,2,#)
(44,22,2,#)
(44,23,2,3)
(44,27,2,#)
(44,31,2,9)
(44,40,2,3)
(44,43,2,4)
(45,5,2,#)
(45,9,2,#)
(45,14,2,2)
(45,19,2,#)
(45,29,2,.)
(45,32,2,1)
(45,33,2,#)
(45,34,2,#)
(45,36,2,#)
(45,37,2,5)
(45,44,2,#)
(45,46,2,#)
(45,48,2,#)
(46,2,2,8)
(46,4,2,4)
(46,6,2,#)
(46,7,2,.)
(46,15,2,3)
(46,25,2,7)
(46,28,2,#)
(46,38,2,3)
(46,40,2,#)
(46,43,2,#)
(46,44,2,#)
(47,3,2,3)
(47,4,2,4)
(47,6,2,#)
(47,11,2,#)
(47,12,2,5)
(47,14,2,2)
(47,23,2,#)
(47,25,2,#)
(47,33,2,#)
(47,39,2,#)
(47,47,2,#)
(48,2,2,5)
(48,6,2,8)
(48,7,2,#)
(48,8,2,.)
(48,25,2,6)
(48,38,2,#)
(48,42,2,9)
(48,44,2,7)
(49,0,2,.)
(49,7,2,#)
(49,10,2,7)
(49,29,2,3)
(49,30,2,2)
(49,35,2,#)
(49,48,2,8)
//room 3
(0,3,3,#)
(0,8,3,8)
(0,18,3,#)
(0,19,3,#)
(0,20,3,6)
(0,22,3,9)
(0,25,3,3)
(0,26,3,2)
(0,28,3,#)
(0,33,3,#)
(0,34,3,6)
(0,45,3,9)
(1,3,3,1)
(1,4,3,3)
(1,6,3,#)
(1,14,3,8)
(1,15,3,#)
(1,22,3,#)
(1,27,3,7)
(1,36,3,6)
(1,37,3,#)
(1,39,3,2)
(1,42,3,.)
(1,43,3,3)
(1,44,3,#)
(1,45,3,#)
(2,1,3,2)
(2,11,3,#)
(2,14,3,#)
(2,25,3,#)
(2,30,3,.)
(2,37,3,#)
(2,40,3,6)
(2,43,3,2)
(2,44,3,#)
(2,45,3,#)
(2,47,3,#)
(3,4,3,9)
(3,9,3,7)
(3,12,3,8)
(3,14,3,2)
(3,15,3,3)
(3,16,3,6)
(3,19,3,.)
(3,20,3,4)
(3,26,3,.)
(3,28,3,#)
(3,29,3,4)
(3,35,3,#)
(3,41,3,3)
(3,43,3,3)
(3,48,3,5)
(4,10,3,9)
(4,11,3,1)
(4,23,3,3)
(4,27,3,#)
(4,29,3,7)
(4,31,3,#)
(4,42,3,#)
(5,3,3,4)
(5,5,3,#)
(5,10,3,#)
(5,11,3,3)
(5,15,3,.)
(5,22,3,.)
(5,24,3,6)
(5,25,3,.)
(5,31,3,.)
(5,48,3,1)
(6,6,3,8)
(6,11,3,8)
(6,16,3,7)
(6,18,3,#)
(6,28,3,#)
(6,30,3,#)
(6,33,3,#)
(6,41,3,#)
(6,42,3,.)
(6,44,3,#)
(7,0,3,#)
(7,8,3,8)
(7,18,3,#)
(7,23,3,.)
(7,28,3,#)
(7,44,3,.)
(8,1,3,7)
(8,4,3,5)
(8,5,3,#)
(8,6,3,#)
(8,12,3,S)
(8,14,3,6)
(8,19,3,8)
(8,21,3,3)
(8,28,3,#)
(8,34,3,9)
(8,38,3,5)
(8,40,3,9)
(8,45,3,.)
(9,3,3,#)
(9,5,3,.)
(9,8,3,1)
(9,9,3,#)
(9,13,3,.)
(9,16,3,4)
(9,20,3,#)
(9,21,3,4)
(9,25,3,#)
(9,28,3,.)
(9,32,3,.)
(9,38,3,R)
(9,44,3,#)
(9,45,3,5)
(9,49,3,#)
(10,1,3,#)
(10,11,3,#)
(10,12,3,.)
(10,13,3,#)
(10,19,3,#)
(10,22,3,#)
(10,24,3,6)
(10,25,3,#)
(10,26,3,#)
(10,30,3,#)
(10,46,3,2)
(11,1,3,#)
(11,4,3,7)
(11,18,3,#)
(11,20,3,#)
(11,22,3,#)
(11,24,3,.)
(11,27,3,.)
(11,32,3,#)
(11,43,3,.)
(11,47,3,#)
(12,4,3,5)
(12,5,3,9)
(12,8,3,8)
(12,9,3,3)
(12,13,3,.)
(12,15,3,.)
(12,18,3,8)
(12,19,3,5)
(12,24,3,.)
(12,25,3,8)
(12,26,3,#)
(12,29,3,1)
(12,32,3,8)
(12,35,3,#)
(12,36,3,#)
(12,45,3,#)
(12,48,3,#)
(13,7,3,5)
(13,9,3,#)
(13,12,3,#)
(13,13,3,#)
(13,14,3,#)
(13,18,3,8)
(13,27,3,.)
(13,34,3,.)
(13,37,3,7)
(13,38,3,8)
(13,43,3,5)
(13,45,3,#)
(13,48,3,#)
(14,3,3,#)
(14,7,3,#)
(14,16,3,#)
(14,17,3,4)
(14,20,3,#)
(14,21,3,.)
(14,22,3,.)
(14,25,3,#)
(14,30,3,6)
(14,31,3,5)
(14,36,3,8)
(14,43,3,1)
(14,44,3,2)
(14,45,3,#)
(15,0,3,.)
(15,1,3,#)
(15,2,3,3)
(15,8,3,2)
(15,11,3,#)
(15,18,3,#)
(15,25,3,#)
(15,27,3,#)
(15,30,3,.)
(15,37,3,#)
(15,43,3,#)
(15,44,3,#)
(15,45,3,9)
(15,47,3,#)
(15,49,3,.)
(16,1,3,#)
(16,2,3,#)
(16,5,3,#)
(16,7,3,2)
(16,10,3,4)
(16,11,3,#)
(16,12,3,#)
(16,13,3,#)
(16,33,3,#)
(16,39,3,7)
(16,42,3,#)
(16,46,3,3)
(17,3,3,#)
(17,9,3,.)
(17,20,3,9)
(17,21,3,#)
(17,22,3,1)
(17,26,3,3)
(17,28,3,8)
(17,30,3,4)
(17,32,3,#)
(17,33,3,#)
(17,38,3,9)
(17,40,3,#)
(17,42,3,7)
(17,43,3,#)
(17,46,3,#)
(17,47,3,#)
(18,0,3,#)
(18,1,3,#)
(18,10,3,7)
(18,14,3,.)
(18,15,3,.)
(18,18,3,7)
(18,19,3,4)
(18,20,3,6)
(18,24,3,#)
(18,25,3,#)
(18,28,3,#)
(18,33,3,#)
(18,34,3,3)
(18,41,3,#)
(18,45,3,#)
(19,0,3,#)
(19,3,3,7)
(19,5,3,#)
(19,6,3,6)
(19,9,3,2)
(19,28,3,2)
(19,33,3,#)
(19,40,3,.)
(20,4,3,#)
(20,10,3,#)
(20,18,3,9)
(20,21,3,.)
(20,28,3,#)
(20,37,3,#)
(20,40,3,#)
(20,47,3,#)
(21,12,3,8)
(21,13,3,3)
(21,17,3,6)
(21,20,3,6)
(21,29,3,#)
(21,31,3,5)
(21,39,3,6)
(21,41,3,5)
(21,43,3,#)
(21,46,3,3)
(22,2,3,#)
(22,4,3,9)
(22,6,3,.)
(22,16,3,1)
(22,19,3,1)
(22,20,3,3)
(22,21,3,2)
(22,23,3,3)
(22,25,3,1)
(22,26,3,8)
(22,31,3,1)
(22,32,3,6)
(22,38,3,#)
(22,43,3,2)
(23,6,3,3)
(23,9,3,2)
(23,17,3,.)
(23,24,3,#)
(23,29,3,8)
(23,32,3,8)
(23,37,3,#)
(23,39,3,4)
(23,42,3,3)
(24,5,3,#)
(24,9,3,5)
(24,29,3,#)
(24,33,3,3)
(24,37,3,2)
(24,39,3,5)
(24,40,3,#)
(24,41,3,#)
(24,45,3,.)
(24,48,3,1)
(25,3,3,#)
(25,4,3,#)
(25,10,3,#)
(25,18,3,#)
(25,27,3,8)
(25,36,3,6)
(25,42,3,.)
(25,48,3,2)
(26,4,3,.)
(26,6,3,6)
(26,10,3,3)
(26,14,3,#)
(26,21,3,4)
(26,25,3,.)
(26,33,3,#)
(26,36,3,1)
(26,40,3,4)
(26,48,3,.)
(27,1,3,2)
(27,5,3,4)
(27,6,3,.)
(27,12,3,#)
(27,14,3,#)
(27,16,3,#)
(27,23,3,#)
(27,27,3,4)
(27,29,3,9)
(27,31,3,#)
(27,34,3,#)
(27,38,3,.)
(27,40,3,#)
(27,41,3,#)
(27,42,3,7)
(27,45,3,#)
(28,2,3,#)
(28,11,3,#)
(28,12,3,4)
(28,15,3,.)
(28,17,3,#)
(28,18,3,8)
(28,23,3,.)
(28,26,3,#)
(28,34,3,#)
(28,35,3,#)
(28,40,3,7)
(28,41,3,1)
(28,43,3,1)
(28,47,3,#)
(28,48,3,6)
(29,4,3,7)
(29,8,3,8)
(29,23,3,6)
(29,28,3,6)
(29,42,3,8)
(29,43,3,7)
(30,3,3,#)
(30,13,3,8)
(30,14,3,7)
(30,17,3,#)
(30,22,3,8)
(30,23,3,5)
(30,31,3,5)
(30,34,3,#)
(30,36,3,#)
(30,37,3,#)
(30,38,3,.)
(30,39,3,1)
(30,44,3,1)
(30,48,3,7)
(31,3,3,#)
(31,6,3,6)
(31,14,3,.)
(31,16,3,5)
(31,19,3,2)
(31,20,3,5)
(31,23,3,#)
(31,39,3,#)
(31,44,3,6)
(31,46,3,8)
(32,3,3,8)
(32,6,3,7)
(32,7,3,#)
(32,9,3,7)
(32,14,3,#)
(32,17,3,#)
(32,18,3,#)
(32,23,3,#)
(32,29,3,#)
(32,36,3,#)
(32,37,3,1)
(32,44,3,#)
(32,45,3,7)
(32,48,3,#)
(33,1,3,#)
(33,11,3,#)
(33,13,3,8)
(33,23,3,#)
(33,24,3,6)
(33,35,3,8)
(33,38,3,9)
(33,44,3,5)
(33,48,3,4)
(33,49,3,#)
(34,5,3,#)
(34,17,3,9)
(34,18,3,.)
(34,20,3,2)
(34,25,3,#)
(34,26,3,#)
(34,28,3,6)
(34,31,3,4)
(34,36,3,#)
(34,37,3,4)
(34,41,3,.)
(34,49,3,#)
(35,15,3,#)
(35,21,3,6)
(35,29,3,8)
(35,31,3,6)
(35,32,3,.)
(35,38,3,#)
(35,39,3,#)
(35,40,3,#)
(35,42,3,3)
(36,6,3,4)
(36,8,3,3)
(36,11,3,#)
(36,15,3,5)
(36,23,3,1)
(36,32,3,#)
(36,42,3,2)
(36,48,3,6)
(36,49,3,#)
(37,3,3,.)
(37,4,3,9)
(37,8,3,4)
(37,10,3,6)
(37,17,3,.)
(37,20,3,5)
(37,24,3,#)
(37,31,3,#)
(37,39,3,#)
(37,41,3,#)
(38,1,3,#)
(38,3,3,#)
(38,9,3,#)
(38,13,3,8)
(38,14,3,1)
(38,17,3,#)
(38,19,3,#)
(38,20,3,3)
(38,25,3,#)
(38,27,3,4)
(38,31,3,#)
(38,32,3,9)
(38,34,3,#)
(38,35,3,3)
(38,37,3,.)
(38,39,3,4)
(38,40,3,#)
(38,44,3,#)
(38,45,3,.)
(38,48,3,.)
(39,9,3,#)
(39,10,3,#)
(39,11,3,7)
(39,15,3,8)
(39,22,3,9)
(39,23,3,.)
(39,42,3,7)
(39,43,3,#)
(39,45,3,1)
(39,47,3,5)
(39,48,3,6)
(40,3,3,4)
(40,4,3,1)
(40,6,3,7)
(40,12,3,2)
(40,28,3,#)
(40,31,3,#)
(40,33,3,2)
(40,35,3,#)
(41,0,3,2)
(41,7,3,#)
(41,13,3,.)
(41,14,3,1)
(41,15,3,3)
(41,16,3,2)
(41,24,3,1)
(41,34,3,#)
(41,37,3,3)
(41,38,3,#)
(41,40,3,#)
(41,41,3,#)
(42,1,3,4)
(42,5,3,#)
(42,7,3,#)
(42,9,3,#)
(42,20,3,#)
(42,30,3,2)
(42,31,3,3)
(42,35,3,.)
(42,48,3,2)
(43,2,3,2)
(43,6,3,#)
(43,11,3,1)
(43,18,3,5)
(43,19,3,7)
(43,25,3,#)
(43,29,3,#)
(43,30,3,#)
(43,40,3,#)
(43,43,3,#)
(43,44,3,5)
(43,47,3,#)
(44,0,3,#)
(44,2,3,#)
(44,3,3,5)
(44,11,3,.)
(44,16,3,#)
(44,18,3,#)
(44,20,3,#)
(44,21,3,#)
(44,24,3,#)
(44,25,3,1)
(44,27,3,#)
(44,40,3,#)
(44,41,3,.)
(45,3,3,#)
(45,4,3,4)
(45,6,3,6)
(45,7,3,4)
(45,9,3,1)
(45,14,3,.)
(45,17,3,#)
(45,18,3,8)
(45,23,3,#)
(45,25,3,#)
(45,26,3,2)
(45,29,3,1)
(45,31,3,7)
(45,32,3,#)
(45,34,3,.)
(45,35,3,#)
(45,37,3,.)
(45,45,3,#)
(45,49,3,4)
(46,0,3,3)
(46,2,3,#)
(46,9,3,#)
(46,12,3,#)
(46,19,3,5)
(46,20,3,.)
(46,24,3,8)
(46,31,3,#)
(46,36,3,3)
(46,37,3,6)
(46,38,3,3)
(46,42,3,#)
(46,43,3,#)
(46,48,3,#)
(47,0,3,#)
(47,1,3,#)
(47,17,3,#)
(47,20,3,8)
(47,25,3,.)
(47,29,3,.)
(47,31,3,4)
(47,39,3,8)
(48,1,3,#)
(48,5,3,2)
(48,9,3,.)
(48,11,3,#)
(48,12,3,3)
(48,16,3,#)
(48,19,3,.)
(48,20,3,5)
(48,24,3,5)
(48,27,3,7)
(48,29,3,#)
(48,30,3,#)
(48,31,3,5)
(48,36,3,2)
(48,37,3,#)
(48,38,3,.)
(48,44,3,5)
(48,46,3,#)
(48,47,3,.)
(49,4,3,8)
(49,5,3,.)
(49,17,3,#)
(49,18,3,7)
(49,25,3,3)
(49,36,3,#)
(49,38,3,5)
(49,40,3,7)
(49,41,3,#)
(49,42,3,#)
(49,43,3,.)
//room 4
(0,6,4,2)
(0,7,4,#)
(0,17,4,6)
(0,22,4,#)
(0,24,4,#)
(0,25,4,#)
(0,26,4,3)
(0,43,4,.)
(0,49,4,6)
(1,0,4,8)
(1,4,4,#)
(1,5,4,#)
(1,12,4,4)
(1,20,4,5)
(1,21,4,3)
(1,31,4,#)
(1,32,4,.)
(1,36,4,.)
(1,41,4,4)
(1,42,4,.)
(1,44,4,#)
(1,46,4,#)
(1,49,4,#)
(2,1,4,#)
(2,4,4,#)
(2,8,4,2)
(2,19,4,6)
(2,21,4,2)
(2,23,4,#)
(2,29,4,2)
(2,33,4,#)
(2,40,4,9)
(2,43,4,#)
(3,3,4,#)
(3,4,4,1)
(3,13,4,.)
(3,19,4,9)
(3,20,4,.)
(3,24,4,.)
(3,33,4,#)
(3,38,4,#)
(3,41,4,8)
(3,45,4,5)
(4,0,4,4)
(4,3,4,#)
(4,6,4,#)
(4,14,4,#)
(4,15,4,#)
(4,22,4,#)
(4,23,4,#)
(4,25,4,.)
(4,27,4,7)
(4,28,4,7)
(4,30,4,.)
(4,35,4,#)
(4,37,4,#)
(4,40,4,5)
(4,44,4,.)
(4,45,4,6)
(4,48,4,#)
(5,20,4,#)
(5,29,4,1)
(5,30,4,#)
(5,33,4,.)
(5,37,4,2)
(5,38,4,#)
(5,43,4,.)
(5,46,4,#)
(5,47,4,#)
(6,10,4,6)
(6,13,4,1)
(6,14,4,#)
(6,16,4,5)
(6,19,4,.)
(6,21,4,#)
(6,23,4,9)
(6,30,4,#)
(6,33,4,#)
(6,39,4,9)
(6,41,4,#)
(6,42,4,#)
(6,46,4,#)
(7,2,4,4)
(7,3,4,#)
(7,4,4,5)
(7,8,4,5)
(7,13,4,#)
(7,14,4,1)
(7,15,4,7)
(7,17,4,#)
(7,20,4,#)
(7,21,4,.)
(7,26,4,4)
(7,27,4,2)
(7,30,4,#)
(7,31,4,#)
(7,36,4,#)
(7,39,4,#)
(7,40,4,.)
(8,3,4,.)
(8,13,4,6)
(8,17,4,#)
(8,19,4,9)
(8,24,4,4)
(8,29,4,#)
(8,31,4,#)
(8,32,4,#)
(8,36,4,#)
(8,37,4,6)
(8,39,4,.)
(8,43,4,#)
(8,47,4,#)
(9,7,4,#)
(9,11,4,6)
(9,14,4,2)
(9,22,4,#)
(9,29,4,#)
(9,30,4,5)
(9,32,4,3)
(9,35,4,5)
(9,36,4,2)
(9,38,4,#)
(10,5,4,7)
(10,8,4,7)
(10,12,4,.)
(10,18,4,#)
(10,25,4,#)
(10,27,4,#)
(10,35,4,#)
(10,37,4,#)
(10,46,4,#)
(11,3,4,#)
(11,5,4,2)
(11,6,4,2)
(11,10,4,.)
(11,15,4,6)
(11,16,4,#)
(11,17,4,#)
(11,18,4,#)
(11,31,4,#)
(11,32,4,#)
(11,39,4,#)
(11,49,4,.)
(12,1,4,#)
(12,2,4,6)
(12,4,4,#)
(12,6,4,#)
(12,12,4,6)
(12,24,4,7)
(12,26,4,7)
(12,27,4,#)
(12,28,4,.)
(12,29,4,#)
(12,32,4,4)
(12,33,4,#)
(12,34,4,#)
(12,40,4,#)
(12,45,4,#)
(12,46,4,#)
(13,0,4,.)
(13,1,4,8)
(13,5,4,#)
(13,9,4,#)
(13,15,4,#)
(13,22,4,#)
(13,25,4,6)
(13,33,4,#)
(13,34,4,#)
(13,36,4,.)
(13,40,4,#)
(13,43,4,#)
(13,45,4,1)
(13,48,4,#)
(13,49,4,#)
(14,1,4,#)
(14,2,4,8)
(14,13,4,1)
(14,17,4,#)
(14,18,4,8)
(14,22,4,#)
(14,24,4,4)
(14,26,4,#)
(14,27,4,8)
(14,33,4,#)
(14,37,4,5)
(14,39,4,#)
(14,42,4,3)
(14,43,4,#)
(15,2,4,.)
(15,4,4,.)
(15,8,4,4)
(15,12,4,9)
(15,17,4,6)
(15,20,4,#)
(15,25,4,.)
(15,27,4,.)
(15,32,4,#)
(15,35,4,6)
(15,39,4,5)
(15,40,4,7)
(15,41,4,.)
(15,46,4,#)
(15,47,4,8)
(16,1,4,1)
(16,3,4,#)
(16,4,4,3)
(16,9,4,#)
(16,10,4,#)
(16,12,4,#)
(16,18,4,6)
(16,19,4,5)
(16,23,4,#)
(16,26,4,#)
(16,30,4,#)
(16,31,4,#)
(16,42,4,1)
(16,47,4,#)
(17,3,4,#)
(17,4,4,2)
(17,11,4,9)
(17,14,4,4)
(17,23,4,.)
(17,26,4,8)
(17,28,4,#)
(17,30,4,#)
(17,32,4,7)
(17,37,4,#)
(17,39,4,#)
(17,42,4,#)
(17,44,4,.)
(18,3,4,6)
(18,5,4,.)
(18,6,4,.)
(18,9,4,.)
(18,12,4,5)
(18,15,4,6)
(18,16,4,#)
(18,22,4,8)
(18,23,4,6)
(18,31,4,2)
(18,32,4,.)
(18,35,4,.)
(18,37,4,6)
(19,12,4,3)
(19,13,4,#)
(19,17,4,5)
(19,20,4,8)
(19,21,4,.)
(19,22,4,9)
(19,24,4,#)
(19,30,4,#)
(19,39,4,#)
(19,42,4,#)
(19,43,4,4)
(19,48,4,3)
(20,0,4,.)
(20,3,4,6)
(20,11,4,#)
(20,13,4,.)
(20,15,4,#)
(20,16,4,9)
(20,17,4,#)
(20,22,4,1)
(20,29,4,1)
(20,30,4,4)
(20,33,4,5)
(20,45,4,.)
(20,48,4,#)
(20,49,4,8)
(21,0,4,#)
(21,1,4,7)
(21,4,4,.)
(21,5,4,#)
(21,7,4,8)
(21,10,4,#)
(21,12,4,#)
(21,23,4,2)
(21,24,4,#)
(21,26,4,#)
(21,27,4,#)
(21,32,4,8)
(21,35,4,#)
(21,36,4,#)
(21,39,4,#)
(21,40,4,5)
(21,44,4,#)
(21,47,4,3)
(21,48,4,1)
(22,2,4,9)
(22,8,4,.)
(22,12,4,.)
(22,15,4,8)
(22,17,4,3)
(22,21,4,#)
(22,22,4,6)
(22,26,4,#)
(22,32,4,#)
(22,35,4,8)
(22,42,4,5)
(22,48,4,4)
(23,6,4,6)
(23,15,4,4)
(23,16,4,2)
(23,21,4,1)
(23,25,4,#)
(23,30,4,3)
(23,47,4,3)
(24,3,4,#)
(24,6,4,#)
(24,9,4,9)
(24,13,4,2)
(24,26,4,.)
(24,27,4,2)
(24,30,4,1)
(24,37,4,1)
(24,45,4,2)
(24,46,4,#)
(25,2,4,7)
(25,4,4,#)
(25,5,4,#)
(25,10,4,#)
(25,19,4,#)
(25,20,4,#)
(25,26,4,#)
(25,34,4,#)
(25,36,4,#)
(25,43,4,#)
(25,46,4,3)
(26,1,4,#)
(26,5,4,#)
(26,10,4,.)
(26,11,4,#)
(26,13,4,#)
(26,15,4,#)
(26,16,4,#)
(26,20,4,4)
(26,21,4,3)
(26,23,4,#)
(26,29,4,3)
(26,40,4,4)
(26,43,4,#)
(26,47,4,5)
(27,0,4,#)
(27,6,4,#)
(27,9,4,3)
(27,21,4,6)
(27,23,4,#)
(27,29,4,#)
(27,38,4,#)
(27,39,4,#)
(27,41,4,#)
(27,42,4,#)
(28,9,4,.)
(28,11,4,6)
(28,12,4,1)
(28,13,4,.)
(28,17,4,8)
(28,25,4,#)
(28,33,4,#)
(28,34,4,#)
(28,35,4,3)
(28,40,4,#)
(28,43,4,.)
(28,45,4,#)
(29,2,4,#)
(29,9,4,#)
(29,12,4,#)
(29,14,4,3)
(29,17,4,#)
(29,21,4,2)
(29,22,4,2)
(29,31,4,#)
(29,32,4,#)
(29,34,4,#)
(29,35,4,#)
(29,43,4,5)
(29,47,4,#)
(30,2,4,.)
(30,6,4,#)
(30,7,4,1)
(30,10,4,#)
(30,11,4,#)
(30,13,4,9)
(30,20,4,9)
(30,22,4,.)
(30,23,4,#)
(30,25,4,4)
(30,26,4,#)
(30,28,4,#)
(30,30,4,#)
(30,33,4,5)
(30,40,4,#)
(30,42,4,2)
(30,47,4,#)
(31,5,4,4)
(31,10,4,#)
(31,16,4,6)
(31,27,4,6)
(31,29,4,5)
(31,32,4,.)
(31,33,4,6)
(31,38,4,#)
(32,2,4,5)
(32,10,4,#)
(32,20,4,5)
(32,23,4,5)
(32,25,4,#)
(32,30,4,.)
(32,40,4,#)
(32,47,4,#)
(33,3,4,5)
(33,4,4,#)
(33,6,4,2)
(33,10,4,7)
(33,14,4,3)
(33,23,4,#)
(33,29,4,#)
(33,30,4,.)
(33,34,4,#)
(34,0,4,.)
(34,8,4,7)
(34,9,4,#)
(34,15,4,8)
(34,24,4,8)
(34,25,4,#)
(34,26,4,#)
(34,27,4,#)
(34,33,4,#)
(34,34,4,1)
(34,40,4,#)
(34,42,4,7)
(34,46,4,.)
(35,6,4,4)
(35,7,4,5)
(35,32,4,#)
(35,41,4,#)
(36,1,4,#)
(36,3,4,#)
(36,5,4,5)
(36,18,4,#)
(36,20,4,#)
(36,21,4,6)
(36,24,4,#)
(36,27,4,2)
(36,32,4,2)
(36,33,4,#)
(36,36,4,7)
(36,43,4,#)
(36,44,4,4)
(36,48,4,9)
(37,7,4,5)
(37,10,4,8)
(37,11,4,.)
(37,13,4,3)
(37,15,4,.)
(37,22,4,#)
(37,27,4,3)
(37,35,4,#)
(37,46,4,2)
(37,49,4,.)
(38,0,4,#)
(38,6,4,#)
(38,12,4,#)
(38,13,4,6)
(38,18,4,#)
(38,19,4,4)
(38,25,4,#)
(38,26,4,#)
(38,27,4,2)
(38,28,4,.)
(38,30,4,.)
(38,34,4,#)
(38,38,4,4)
(38,40,4,.)
(38,47,4,.)
(39,3,4,7)
(39,5,4,7)
(39,10,4,#)
(39,14,4,#)
(39,16,4,5)
(39,17,4,#)
(39,19,4,1)
(39,24,4,3)
(39,27,4,#)
(39,30,4,3)
(39,42,4,.)
(39,46,4,.)
(39,48,4,#)
(40,3,4,5)
(40,7,4,2)
(40,8,4,#)
(40,9,4,.)
(40,10,4,#)
(40,16,4,4)
(40,17,4,7)
(40,22,4,9)
(40,28,4,.)
(40,32,4,7)
(40,33,4,4)
(40,34,4,.)
(40,43,4,3)
(40,46,4,#)
(41,1,4,7)
(41,3,4,#)
(41,9,4,.)
(41,11,4,#)
(41,12,4,#)
(41,15,4,1)
(41,22,4,#)
(41,33,4,7)
(41,35,4,8)
(41,40,4,#)
(41,42,4,#)
(41,43,4,8)
(41,47,4,#)
(41,49,4,2)
(42,2,4,6)
(42,3,4,#)
(42,4,4,#)
(42,12,4,#)
(42,14,4,#)
(42,15,4,#)
(42,21,4,#)
(42,23,4,#)
(42,26,4,.)
(42,28,4,#)
(42,29,4,6)
(42,31,4,5)
(42,33,4,#)
(42,42,4,1)
(42,45,4,6)
(43,0,4,#)
(43,2,4,#)
(43,3,4,#)
(43,12,4,.)
(43,16,4,2)
(43,18,4,#)
(43,20,4,6)
(43,22,4,4)
(43,23,4,3)
(43,27,4,#)
(43,30,4,#)
(43,31,4,2)
(43,33,4,4)
(43,35,4,#)
(43,36,4,#)
(43,37,4,.)
(44,4,4,5)
(44,11,4,6)
(44,14,4,8)
(44,19,4,7)
(44,23,4,.)
(44,24,4,#)
(44,28,4,8)
(44,29,4,.)
(44,30,4,1)
(44,40,4,3)
(44,46,4,#)
(44,47,4,.)
(44,48,4,#)
(45,0,4,#)
(45,4,4,1)
(45,10,4,.)
(45,13,4,#)
(45,14,4,#)
(45,25,4,8)
(45,27,4,.)
(45,30,4,#)
(45,34,4,.)
(45,38,4,#)
(45,39,4,.)
(45,43,4,#)
(45,45,4,4)
(45,49,4,7)
(46,9,4,#)
(46,11,4,#)
(46,13,4,#)
(46,15,4,#)
(46,19,4,#)
(46,21,4,#)
(46,24,4,.)
(46,27,4,#)
(46,29,4,8)
(46,30,4,#)
(46,32,4,.)
(46,33,4,#)
(46,35,4,2)
(46,37,4,#)
(46,39,4,5)
(46,42,4,#)
(46,43,4,#)
(47,0,4,#)
(47,11,4,#)
(47,12,4,7)
(47,16,4,.)
(47,17,4,.)
(47,20,4,8)
(47,24,4,1)
(47,27,4,9)
(47,41,4,6)
(47,46,4,#)
(48,4,4,1)
(48,6,4,.)
(48,11,4,#)
(48,12,4,9)
(48,17,4,9)
(48,22,4,4)
(48,24,4,4)
(48,25,4,7)
(48,32,4,#)
(48,35,4,#)
(48,37,4,#)
(48,46,4,#)
(48,47,4,.)
(48,49,4,3)
(49,6,4,.)
(49,10,4,1)
(49,12,4,5)
(49,16,4,1)
(49,17,4,4)
(49,21,4,8)
(49,22,4,#)
(49,34,4,.)
(49,40,4,.)
(49,46,4,#)
(49,49,4,#)
